MPI:0.236803
0.100809
0.0523414
0.0306528
0.0195225
0.0132355
0.00941569
0.00695701
0.00529866
0.0041363
0.00329517
0.00266998
0.00219465
0.00182619
0.00153577
0.00130351
0.00111541
0.000961341
0.00083389
0.000727514
0.000638015
0.00056217
0.000497471
0.000441951
0.000394044
0.000352499
0.000316304
0.000284633
0.000256812
0.000232282
0.000210578
0.000191315
0.000174165
0.000158854
0.000145149
0.00013285
0.000121787
0.000111814
0.000102805
9.465e-05
8.72546e-05
8.05358e-05
7.44216e-05
6.88484e-05
6.37605e-05
5.9109e-05
5.48504e-05
5.09463e-05
4.73627e-05
4.40692e-05
4.10387e-05
3.82472e-05
3.56731e-05
3.32969e-05
3.11013e-05
2.90706e-05
2.71907e-05
2.54488e-05
2.38335e-05
2.23343e-05
2.09419e-05
1.96474e-05
1.84433e-05
1.73224e-05
1.62782e-05
1.53049e-05
1.4397e-05
1.35495e-05
1.27581e-05
1.20185e-05
1.13269e-05
1.06799e-05
1.00743e-05
9.50704e-06
8.97552e-06
8.4772e-06
8.00978e-06
7.57112e-06
7.15927e-06
6.7724e-06
6.40884e-06
6.06703e-06
5.74552e-06
5.44299e-06
5.15818e-06
4.88997e-06
4.63726e-06
4.39908e-06
4.1745e-06
3.96266e-06
3.76277e-06
3.57407e-06
3.39588e-06
3.22755e-06
3.06848e-06
2.91811e-06
2.77591e-06
2.64139e-06
2.51409e-06
2.39359e-06
2.27948e-06
2.17139e-06
2.06898e-06
1.9719e-06
1.87986e-06
1.79257e-06
1.70975e-06
1.63116e-06
1.55655e-06
1.48571e-06
1.41841e-06
1.35448e-06
1.29371e-06
1.23595e-06
1.18102e-06
1.12878e-06
1.07907e-06
1.03176e-06
9.86727e-07
9.43848e-07
9.03009e-07
8.64104e-07
8.27031e-07
7.91696e-07
7.58009e-07
7.25885e-07
6.95245e-07
6.66013e-07
6.38119e-07
6.11494e-07
5.86076e-07
5.61805e-07
5.38624e-07
5.16478e-07
4.95319e-07
4.75096e-07
4.55766e-07
4.37284e-07
4.19611e-07
4.02707e-07
3.86536e-07
3.71064e-07
3.56256e-07
3.42083e-07
3.28515e-07
3.15523e-07
3.03081e-07
2.91163e-07
2.79746e-07
2.68807e-07
2.58324e-07
2.48276e-07
2.38644e-07
2.29409e-07
2.20554e-07
2.12062e-07
2.03916e-07
1.96102e-07
1.88604e-07
1.8141e-07
1.74505e-07
1.67878e-07
1.61516e-07
1.55408e-07
1.49543e-07
1.43911e-07
1.38501e-07
1.33306e-07
1.28314e-07
1.23518e-07
1.18911e-07
1.14482e-07
1.10227e-07
1.06136e-07
1.02204e-07
9.84239e-08
9.47894e-08
9.12946e-08
8.79339e-08
8.47018e-08
8.15931e-08
7.86029e-08
7.57264e-08
7.29589e-08
7.02963e-08
6.77342e-08
6.52687e-08
6.2896e-08
6.06125e-08
5.84145e-08
5.62988e-08
5.4262e-08
5.23012e-08
5.04134e-08
4.85958e-08
4.68455e-08
4.51601e-08
4.35369e-08
4.19737e-08
4.04681e-08
3.90179e-08
3.7621e-08
3.62753e-08
3.49789e-08
3.373e-08
3.25267e-08
3.13673e-08
3.02501e-08
2.91737e-08
2.81363e-08
2.71366e-08
2.61731e-08
2.52446e-08
2.43496e-08
2.3487e-08
2.26555e-08
2.18539e-08
2.10813e-08
2.03364e-08
1.96183e-08
1.8926e-08
1.82586e-08
1.7615e-08
1.69945e-08
1.63962e-08
1.58193e-08
1.5263e-08
1.47265e-08
1.42092e-08
1.37103e-08
1.32291e-08
1.2765e-08
1.23175e-08
1.18858e-08
1.14695e-08
1.10679e-08
1.06805e-08
1.03069e-08
9.94644e-09
9.59876e-09
9.26337e-09
8.93982e-09
8.62769e-09
8.32657e-09
8.03607e-09
7.7558e-09
7.4854e-09
7.22452e-09
6.97281e-09
6.72996e-09
6.49563e-09
6.26954e-09
6.05138e-09
5.84087e-09
5.63775e-09
5.44175e-09
5.25261e-09
5.0701e-09
4.89398e-09
4.72402e-09
4.56e-09
4.40172e-09
4.24897e-09
4.10156e-09
3.95929e-09
3.82199e-09
3.68948e-09
3.5616e-09
3.43817e-09
3.31905e-09
3.20407e-09
3.09311e-09
2.986e-09
2.88263e-09
2.78285e-09
2.68654e-09
2.59359e-09
2.50387e-09
2.41726e-09
2.33367e-09
2.25298e-09
2.17509e-09
2.09991e-09
2.02733e-09
1.95728e-09
1.88966e-09
1.82438e-09
1.76137e-09
1.70054e-09
1.64182e-09
1.58513e-09
1.53041e-09
1.47759e-09
1.4266e-09
1.37737e-09
1.32984e-09
1.28397e-09
1.23968e-09
1.19692e-09
1.15564e-09
1.11579e-09
1.07732e-09
1.04017e-09
1.00432e-09
9.69699e-10
9.36278e-10
MPI opt:0.470577
0.38753
0.286571
0.248257
0.203361
0.180198
0.154104
0.138312
0.121067
0.109562
0.0972953
0.0885592
0.0794162
0.072595
0.0655594
0.0601259
0.0545867
0.0501936
0.0457574
0.0421645
0.0385645
0.0355992
0.0326475
0.030182
0.0277414
0.0256791
0.0236471
0.0219133
0.0202118
0.0187478
0.0173161
0.0160753
0.0148656
0.0138106
0.0127848
0.0118853
0.0110126
0.0102438
0.00949936
0.00884075
0.00820418
0.00763889
0.00709338
0.00660734
0.00613895
0.0057204
0.00531755
MPI:0.236803
0.100809
0.0523414
0.0306528
0.0195225
0.0132355
0.00941569
0.00695701
0.00529866
0.0041363
0.00329517
0.00266998
0.00219465
0.00182619
0.00153577
0.00130351
0.00111541
0.000961341
0.00083389
0.000727514
0.000638015
0.00056217
0.000497471
0.000441951
0.000394044
0.000352499
0.000316304
0.000284633
0.000256812
0.000232282
0.000210578
0.000191315
0.000174165
0.000158854
0.000145149
0.00013285
0.000121787
0.000111814
0.000102805
9.465e-05
8.72546e-05
8.05358e-05
7.44216e-05
6.88484e-05
6.37605e-05
5.9109e-05
5.48504e-05
5.09463e-05
4.73627e-05
4.40692e-05
4.10387e-05
3.82472e-05
3.56731e-05
3.32969e-05
3.11013e-05
2.90706e-05
2.71907e-05
2.54488e-05
2.38335e-05
2.23343e-05
2.09419e-05
1.96474e-05
1.84433e-05
1.73224e-05
1.62782e-05
1.53049e-05
1.4397e-05
1.35495e-05
1.27581e-05
1.20185e-05
1.13269e-05
1.06799e-05
1.00743e-05
9.50704e-06
8.97552e-06
8.4772e-06
8.00978e-06
7.57112e-06
7.15927e-06
6.7724e-06
6.40884e-06
6.06703e-06
5.74552e-06
5.44299e-06
5.15818e-06
4.88997e-06
4.63726e-06
4.39908e-06
4.1745e-06
3.96266e-06
3.76277e-06
3.57407e-06
3.39588e-06
3.22755e-06
3.06848e-06
2.91811e-06
2.77591e-06
2.64139e-06
2.51409e-06
2.39359e-06
2.27948e-06
2.17139e-06
2.06898e-06
1.9719e-06
1.87986e-06
1.79257e-06
1.70975e-06
1.63116e-06
1.55655e-06
1.48571e-06
1.41841e-06
1.35448e-06
1.29371e-06
1.23595e-06
1.18102e-06
1.12878e-06
1.07907e-06
1.03176e-06
9.86727e-07
9.43848e-07
9.03009e-07
8.64104e-07
8.27031e-07
7.91696e-07
7.58009e-07
7.25885e-07
6.95245e-07
6.66013e-07
6.38119e-07
6.11494e-07
5.86076e-07
5.61805e-07
5.38624e-07
5.16478e-07
4.95319e-07
4.75096e-07
4.55766e-07
4.37284e-07
4.19611e-07
4.02707e-07
3.86536e-07
3.71064e-07
3.56256e-07
3.42083e-07
3.28515e-07
3.15523e-07
3.03081e-07
2.91163e-07
2.79746e-07
2.68807e-07
2.58324e-07
2.48276e-07
2.38644e-07
2.29409e-07
2.20554e-07
2.12062e-07
2.03916e-07
1.96102e-07
1.88604e-07
1.8141e-07
1.74505e-07
1.67878e-07
1.61516e-07
1.55408e-07
1.49543e-07
1.43911e-07
1.38501e-07
1.33306e-07
1.28314e-07
1.23518e-07
1.18911e-07
1.14482e-07
1.10227e-07
1.06136e-07
1.02204e-07
9.84239e-08
9.47894e-08
9.12946e-08
8.79339e-08
8.47018e-08
8.15931e-08
7.86029e-08
7.57264e-08
7.29589e-08
7.02963e-08
6.77342e-08
6.52687e-08
6.2896e-08
6.06125e-08
5.84145e-08
5.62988e-08
5.4262e-08
5.23012e-08
5.04134e-08
4.85958e-08
4.68455e-08
4.51601e-08
4.35369e-08
4.19737e-08
4.04681e-08
3.90179e-08
3.7621e-08
3.62753e-08
3.49789e-08
3.373e-08
3.25267e-08
3.13673e-08
3.02501e-08
2.91737e-08
2.81363e-08
2.71366e-08
2.61731e-08
2.52446e-08
2.43496e-08
2.3487e-08
2.26555e-08
2.18539e-08
2.10813e-08
2.03364e-08
1.96183e-08
1.8926e-08
1.82586e-08
1.7615e-08
1.69945e-08
1.63962e-08
1.58193e-08
1.5263e-08
1.47265e-08
1.42092e-08
1.37103e-08
1.32291e-08
1.2765e-08
1.23175e-08
1.18858e-08
1.14695e-08
1.10679e-08
1.06805e-08
1.03069e-08
9.94644e-09
9.59876e-09
9.26337e-09
8.93982e-09
8.62769e-09
8.32657e-09
8.03607e-09
7.7558e-09
7.4854e-09
7.22452e-09
6.97281e-09
6.72996e-09
6.49563e-09
6.26954e-09
6.05138e-09
5.84087e-09
5.63775e-09
5.44175e-09
5.25261e-09
5.0701e-09
4.89398e-09
4.72402e-09
4.56e-09
4.40172e-09
4.24897e-09
4.10156e-09
3.95929e-09
3.82199e-09
3.68948e-09
3.5616e-09
3.43817e-09
3.31905e-09
3.20407e-09
3.09311e-09
2.986e-09
2.88263e-09
2.78285e-09
2.68654e-09
2.59359e-09
2.50387e-09
2.41726e-09
2.33367e-09
2.25298e-09
2.17509e-09
2.09991e-09
2.02733e-09
1.95728e-09
1.88966e-09
1.82438e-09
1.76137e-09
1.70054e-09
1.64182e-09
1.58513e-09
1.53041e-09
1.47759e-09
1.4266e-09
1.37737e-09
1.32984e-09
1.28397e-09
1.23968e-09
1.19692e-09
1.15564e-09
1.11579e-09
1.07732e-09
1.04017e-09
1.00432e-09
9.69699e-10
9.36278e-10
MPI opt:0.470577
0.38753
0.286571
0.248257
0.203361
0.180198
0.154104
0.138312
0.121067
0.109562
0.0972953
0.0885592
0.0794162
0.072595
0.0655594
0.0601259
0.0545867
0.0501936
0.0457574
0.0421645
0.0385645
0.0355992
0.0326475
0.030182
0.0277414
0.0256791
0.0236471
0.0219133
0.0202118
0.0187478
0.0173161
0.0160753
0.0148656
0.0138106
0.0127848
0.0118853
0.0110126
0.0102438
0.00949936
0.00884075
0.00820418
0.00763889
0.00709338
0.00660734
0.00613895
0.0057204
0.00531755
0.00495663
0.00460961
0.00429799
0.00399866
0.0037293
0.0034708
0.00323775
0.00301426
0.00281244
0.00261904
0.00244412
0.00227661
0.0021249
0.0019797
0.00184805
0.0017221
0.00160778
0.00149847
0.00139916
0.00130423
0.00121791
0.00113543
0.00106038
0.000988688
0.000923408
0.000861072
0.000804273
0.000750051
0.000700619
0.00065344
0.000610408
0.000569348
0.000531879
0.000496134
0.000463503
0.000432379
0.000403956
0.000376851
0.00035209
0.00032848
0.000306906
0.000286338
0.000267539
0.000249619
0.000233235
0.00021762
0.000203341
0.000189733
0.000177286
0.000165426
0.000154577
0.000144239
0.000134781
0.00012577
0.000117524
0.000109669
0.00010248
9.56317e-05
8.93635e-05
8.33932e-05
7.79278e-05
7.27224e-05
6.79568e-05
6.34182e-05
5.92627e-05
5.53053e-05
5.16817e-05
4.8231e-05
4.50711e-05
4.20621e-05
3.93065e-05
3.66826e-05
3.42796e-05
3.19915e-05
2.98959e-05
2.79005e-05
2.60729e-05
2.43329e-05
2.27391e-05
2.12216e-05
1.98316e-05
1.85083e-05
1.7296e-05
1.61419e-05
1.50847e-05
1.40782e-05
1.31561e-05
1.22783e-05
1.14742e-05
1.07087e-05
1.00073e-05
9.33966e-06
8.72797e-06
8.14571e-06
7.61222e-06
7.10441e-06
6.63912e-06
6.19623e-06
5.79043e-06
5.40416e-06
5.05023e-06
4.71335e-06
4.40467e-06
4.11085e-06
3.84163e-06
3.58538e-06
3.35057e-06
3.12707e-06
2.92228e-06
2.72736e-06
2.54874e-06
2.37874e-06
2.22295e-06
2.07468e-06
1.93881e-06
1.80949e-06
1.69098e-06
1.5782e-06
1.47484e-06
1.37647e-06
1.28632e-06
1.20053e-06
1.1219e-06
1.04708e-06
9.78502e-07
9.13238e-07
8.5343e-07
7.96508e-07
7.44345e-07
6.94699e-07
6.49203e-07
6.05903e-07
5.66222e-07
5.28457e-07
4.93848e-07
4.6091e-07
4.30725e-07
4.01997e-07
3.7567e-07
3.50615e-07
3.27653e-07
3.05799e-07
2.85773e-07
2.66713e-07
2.49246e-07
2.32622e-07
2.17387e-07
2.02889e-07
1.89601e-07
1.76956e-07
1.65367e-07
1.54338e-07
1.4423e-07
1.3461e-07
1.25795e-07
1.17405e-07
1.09716e-07
1.02398e-07
9.56923e-08
8.93101e-08
8.34611e-08
7.78946e-08
7.27933e-08
6.79383e-08
6.3489e-08
5.92546e-08
5.5374e-08
5.16808e-08
4.82962e-08
4.50751e-08
4.21231e-08
3.93137e-08
3.6739e-08
3.42887e-08
3.20431e-08
2.9906e-08
2.79474e-08
2.60835e-08
2.43752e-08
2.27495e-08
2.12597e-08
1.98418e-08
1.85423e-08
1.73056e-08
1.61723e-08
1.50937e-08
1.41052e-08
1.31644e-08
1.23023e-08
1.14818e-08
1.07298e-08
1.00142e-08
9.35836e-09
8.73421e-09
8.1622e-09
7.61782e-09
7.11893e-09
6.64413e-09
6.209e-09
5.79489e-09
5.41538e-09
5.0542e-09
4.7232e-09
4.40819e-09
4.11949e-09
3.84474e-09
3.59295e-09
3.35332e-09
3.13371e-09
2.9247e-09
2.73316e-09
2.55088e-09
2.38382e-09
2.22483e-09
2.07912e-09
1.94046e-09
1.81337e-09
1.69243e-09
1.58159e-09
1.47611e-09
1.37944e-09
1.28744e-09
1.20312e-09
1.12288e-09
1.04934e-09
9.79355e-10
9.15217e-10
Zedel sym:0.387543
0.253685
0.190401
0.152687
0.127611
0.109863
0.096793
0.0869014
0.0792671
0.0732874
0.0685499
0.0647623
0.0617118
0.05924
0.0572268
0.05558
0.054228
0.0531142
0.0521942
0.0514322
0.0507999
0.050274
0.0498359
0.0494704
0.049165
0.0489095
0.0486956
0.0485163
0.0483658
0.0482394
0.0481333
0.048044
0.0479689
0.0479057
0.0478525
0.0478076
0.0477699
0.047738
0.0477112
0.0476885
0.0476694
0.0476533
0.0476397
0.0476282
0.0476185
0.0476103
0.0476034
0.0475976
0.0475927
0.0475885
0.047585
0.047582
0.0475795
0.0475774
0.0475756
0.0475741
0.0475728
0.0475717
0.0475708
0.04757
0.0475694
0.0475688
0.0475684
0.047568
0.0475676
0.0475674
0.0475671
0.0475669
0.0475667
0.0475666
0.0475665
0.0475664
0.0475663
0.0475662
0.0475662
0.0475661
0.0475661
0.047566
0.047566
0.047566
0.0475659
0.0475659
0.0475659
0.0475659
0.0475659
0.0475659
0.0475659
0.0475658
0.0475658
0.0475658
0.0475658
0.0475658
0.0475658
0.0475658
0.0475658
0.0475658
0.0475658
0.0475658
0.0475658
0.0475658
0.0475658
0.0475658
0.0475658
0.0475658
0.0475658
0.0475658
0.0475658
0.0475658
0.0475658
0.0475658
0.0475658
0.0475658
0.0475658
0.0475658
0.0475658
0.0475658
0.0475658
0.0475658
0.0475658
0.0475658
X gradient descent (MPI):0.0229322 0.0158801 0.0182886 0.0173816 
X MPI opt:0.0229322 0.0158801 0.0182886 0.0173816 
X Zedel sym:0.0222638 0.0146652 0.0171909 0.0161288
MPI:0.72 0.72
0.576 0.144
0.6048 0.6048
0.59904 0.23616
0.600192 0.531072
0.599962 0.295142
0.600008 0.483886
0.599998 0.332891
0.6 0.453687
0.6 0.35705
0.6 0.43436
0.6 0.372512
0.6 0.42199
0.6 0.382408
0.6 0.414074
0.6 0.388741
0.6 0.409007
0.6 0.392794
0.6 0.405765
0.6 0.395388
0.6 0.403689
MPI opt:0.48 0.48
0.576 0.384
0.5952 0.4032
0.59904 0.39936
0.599808 0.400128
0.599962 0.399974
0.599992 0.400005
0.599998 0.399999
0.6 0.4
0.6 0.4
0.6 0.4
0.6 0.4
0.6 0.4
0.6 0.4
0.6 0.4
0.6 0.4
0.6 0.4
0.6 0.4
0.6 0.4
0.6 0.4
0.6 0.4
GD fast:0.489796 0.489796
0.576001 0.384434
0.595443 0.403349
0.599028 0.399397
0.599818 0.400132
0.599961 0.399976
0.599993 0.400005
0.599998 0.399999
0.6 0.4
0.6 0.4
0.6 0.4
0.6 0.4
0.6 0.4
0.6 0.4
0.6 0.4
0.6 0.4
0.6 0.4
0.6 0.4
0.6 0.4
0.6 0.4
0.6 0.4
X gradient descent (MPI):0.6 0.545455 0.461541 0.403689 
X MPI opt:0.6 0.545455 0.461538 0.4 
X gradient descent fast:0.6 0.545455 0.461538 0.4 
-5.02088 -5.02098 -5.02098