3.08872e-08
3.03644e-08
2.98504e-08
2.93451e-08
2.88483e-08
2.836e-08
2.788e-08
2.7408e-08
2.69441e-08
2.64881e-08
2.60397e-08
2.55989e-08
2.51657e-08
2.47397e-08
2.4321e-08
2.39093e-08
2.35046e-08
2.31068e-08
2.27157e-08
2.23313e-08
2.19533e-08
2.15817e-08
2.12165e-08
2.08574e-08
2.05044e-08
2.01574e-08
1.98162e-08
1.94808e-08
1.91511e-08
1.8827e-08
1.85084e-08
1.81952e-08
1.78872e-08
1.75845e-08
1.72869e-08
1.69944e-08
1.67068e-08
1.6424e-08
1.61461e-08
1.58729e-08
1.56042e-08
1.53402e-08
1.50806e-08
1.48254e-08
1.45745e-08
1.43279e-08
1.40854e-08
1.3847e-08
1.36127e-08
1.33824e-08
1.31559e-08
1.29333e-08
1.27144e-08
1.24993e-08
1.22878e-08
1.20798e-08
1.18754e-08
1.16745e-08
1.14769e-08
1.12827e-08
1.10918e-08
1.09041e-08
1.07196e-08
1.05382e-08
1.03599e-08
1.01846e-08
1.00122e-08
9.84282e-09
9.67627e-09
9.51254e-09
9.35158e-09
9.19334e-09
9.03779e-09
8.88486e-09
8.73452e-09
8.58673e-09
8.44144e-09
8.2986e-09
8.15819e-09
8.02015e-09
7.88444e-09
7.75103e-09
7.61988e-09
7.49095e-09
7.3642e-09
7.2396e-09
7.11711e-09
6.99668e-09
6.8783e-09
6.76192e-09
6.64751e-09
6.53503e-09
6.42446e-09
6.31576e-09
6.20889e-09
6.10384e-09
6.00057e-09
5.89904e-09
5.79923e-09
5.70111e-09
5.60465e-09
5.50982e-09
5.41659e-09
5.32495e-09
5.23485e-09
5.14628e-09
5.05921e-09
4.97361e-09
4.88946e-09
4.80673e-09
4.7254e-09
4.64545e-09
4.56685e-09
4.48959e-09
4.41363e-09
4.33895e-09
4.26554e-09
4.19337e-09
4.12242e-09
4.05267e-09
3.9841e-09
3.9167e-09
3.85043e-09
3.78528e-09
3.72124e-09
3.65828e-09
3.59639e-09
3.53554e-09
3.47572e-09
3.41692e-09
3.35911e-09
3.30227e-09
3.2464e-09
3.19148e-09
3.13748e-09
3.0844e-09
3.03221e-09
2.98091e-09
2.93048e-09
2.8809e-09
2.83216e-09
2.78424e-09
2.73713e-09
2.69083e-09
2.6453e-09
2.60054e-09
2.55655e-09
2.51329e-09
2.47077e-09
2.42897e-09
2.38787e-09
2.34748e-09
2.30776e-09
2.26872e-09
2.23033e-09
2.1926e-09
2.1555e-09
2.11903e-09
2.08318e-09
2.04794e-09
2.01329e-09
1.97923e-09
1.94574e-09
1.91282e-09
1.88046e-09
1.84865e-09
1.81737e-09
1.78662e-09
1.7564e-09
1.72668e-09
1.69747e-09
1.66875e-09
1.64052e-09
1.61276e-09
1.58548e-09
1.55865e-09
1.53228e-09
1.50636e-09
1.48087e-09
1.45582e-09
1.43119e-09
1.40698e-09
1.38317e-09
1.35977e-09
1.33677e-09
1.31415e-09
1.29192e-09
1.27006e-09
1.24857e-09
1.22745e-09
1.20668e-09
1.18627e-09
1.1662e-09
1.14647e-09
1.12707e-09
1.10801e-09
1.08926e-09
1.07083e-09
1.05271e-09
1.0349e-09
1.0174e-09
1.00018e-09
9.83262e-10
9.66627e-10
MPI opt:1
1
1
1
1
1
1
1
1
1
1
1
1
1
1
1
1
1
1
1
1
1
1
1
1
0.126431
0.120531
0.115632
0.110413
0.106026
0.101382
0.097436
0.0932803
0.0897159
0.0859799
0.0827487
0.0793761
0.0764376
0.0733819
0.070702
0.0679244
0.0654739
0.0629418
0.060696
0.0583816
0.0563191
0.0541987
0.0523011
0.0503544
0.0486055
0.0468148
0.0452006
0.0435506
0.0420586
0.040536
0.0391553
0.0377482
0.0364692
0.0351673
0.0339812
0.0327753
0.0316744
0.0305563
0.0295337
0.0284961
0.0275456
0.0265819
0.0256978
0.0248022
0.0239794
0.0231464
0.0223803
0.0216053
0.0208916
0.02017
0.019505
0.0188329
0.0182129
0.0175867
0.0170086
0.0164249
0.0158856
0.0153413
0.0148382
0.0143306
0.013861
0.0133875
0.0129492
0.0125073
0.0120982
0.0116858
0.0113038
0.0109188
0.0105621
0.0102027
0.0098695
0.00953393
0.00922273
0.00890936
0.00861865
0.00832599
0.00805441
0.00778105
0.00752732
0.00727197
0.00703491
0.00679636
0.00657485
0.00635199
0.00614501
0.00593678
0.00574337
0.00554881
0.00536806
0.00518626
0.00501735
0.00484747
0.0046896
0.00453086
0.00438332
0.00423497
0.00409708
0.00395844
0.00382956
0.00369999
0.00357954
0.00345844
0.00334586
0.00323268
0.00312745
0.00302168
0.00292332
0.00282446
0.00273253
0.00264012
0.00255419
0.00246783
0.00238751
0.00230679
0.00223171
0.00215626
0.00208608
0.00201556
0.00194996
0.00188404
0.00182273
0.00176111
0.0017038
0.00164621
0.00159263
0.0015388
0.00148872
0.0014384
0.00139159
0.00134456
0.0013008
0.00125684
0.00121593
0.00117484
0.00113661
0.00109819
0.00106245
0.00102655
0.000993141
0.000959577
0.00092835
0.000896977
0.000867786
0.00083846
0.000811174
0.000783762
0.000758256
0.000732632
0.000708789
0.000684837
0.000662551
0.000640161
0.000619328
0.0005984
0.000578926
0.000559363
0.00054116
0.000522873
0.000505857
0.000488763
0.000472857
0.000456879
0.00044201
0.000427074
0.000413176
0.000399214
0.000386222
0.000373171
0.000361027
0.000348828
0.000337476
0.000326072
0.000315461
0.000304801
0.000294882
0.000284918
0.000275645
0.000266331
0.000257664
0.000248957
0.000240855
0.000232717
0.000225143
0.000217536
0.000210456
0.000203345
0.000196727
0.00019008
0.000183894
0.00017768
0.000171898
0.000166089
0.000160684
0.000155255
0.000150202
0.000145127
0.000140404
0.00013566
0.000131245
0.00012681
0.000122683
0.000118538
0.00011468
0.000110805
0.000107199
0.000103577
0.000100206
9.68199e-05
9.36691e-05
9.0504e-05
8.75587e-05
8.46001e-05
8.18469e-05
7.90813e-05
7.65077e-05
7.39225e-05
7.15168e-05
6.91002e-05
6.68514e-05
6.45925e-05
6.24905e-05
6.03789e-05
5.8414e-05
5.64401e-05
5.46034e-05
5.27583e-05
5.10414e-05
4.93167e-05
4.77117e-05
4.60996e-05
4.45993e-05
4.30923e-05
4.16899e-05
4.02812e-05
3.89703e-05
3.76535e-05
3.64281e-05
3.51972e-05
3.40518e-05
3.29012e-05
3.18305e-05
3.07549e-05
2.9754e-05
2.87486e-05
2.78131e-05
2.68732e-05
2.59987e-05
2.51202e-05
2.43027e-05
2.34815e-05
2.27173e-05
2.19497e-05
2.12354e-05
2.05178e-05
1.98501e-05
1.91794e-05
1.85552e-05
1.79282e-05
1.73448e-05
1.67587e-05
1.62133e-05
1.56655e-05
1.51557e-05
1.46435e-05
1.4167e-05
1.36883e-05
1.32428e-05
1.27953e-05
1.23789e-05
1.19607e-05
1.15714e-05
1.11804e-05
1.08166e-05
1.04511e-05
1.0111e-05
9.7693e-06
9.45138e-06
9.13201e-06
8.83483e-06
8.5363e-06
8.2585e-06
7.97944e-06
7.71976e-06
7.45891e-06
7.21617e-06
6.97233e-06
6.74543e-06
6.5175e-06
6.3054e-06
6.09234e-06
5.89407e-06
5.69491e-06
5.50958e-06
5.32341e-06
5.15017e-06
4.97614e-06
4.8142e-06
4.65153e-06
4.50015e-06
4.34809e-06
4.20659e-06
4.06445e-06
3.93218e-06
3.79931e-06
3.67567e-06
3.55146e-06
3.43589e-06
3.31979e-06
3.21175e-06
3.10322e-06
3.00224e-06
2.90079e-06
2.80639e-06
2.71156e-06
2.62332e-06
2.53467e-06
2.45219e-06
2.36932e-06
2.29222e-06
2.21476e-06
2.14269e-06
2.07029e-06
2.00291e-06
1.93523e-06
1.87226e-06
1.80899e-06
1.75012e-06
1.69098e-06
1.63595e-06
1.58067e-06
1.52923e-06
1.47756e-06
1.42948e-06
1.38117e-06
1.33623e-06
1.29107e-06
1.24906e-06
1.20685e-06
1.16758e-06
1.12812e-06
1.09141e-06
1.05453e-06
1.02021e-06
9.8574e-07
9.53661e-07
9.21436e-07
8.9145e-07
8.61327e-07
8.33297e-07
8.05139e-07
7.78938e-07
7.52617e-07
7.28125e-07
7.03521e-07
6.80626e-07
6.57627e-07
6.36226e-07
6.14727e-07
5.94723e-07
5.74626e-07
5.55927e-07
5.37141e-07
5.19661e-07
5.02101e-07
4.85762e-07
4.69347e-07
4.54074e-07
4.3873e-07
4.24453e-07
4.1011e-07
3.96764e-07
3.83357e-07
3.70881e-07
3.58349e-07
3.46687e-07
3.34972e-07
3.24071e-07
3.13121e-07
3.02931e-07
2.92694e-07
2.8317e-07
2.73601e-07
2.64697e-07
2.55753e-07
2.4743e-07
2.39069e-07
2.31289e-07
2.23474e-07
2.16201e-07
2.08895e-07
2.02098e-07
1.95268e-07
1.88914e-07
1.8253e-07
1.7659e-07
1.70623e-07
1.65071e-07
1.59493e-07
1.54302e-07
1.49088e-07
1.44237e-07
1.39363e-07
1.34828e-07
1.30271e-07
1.26032e-07
1.21773e-07
1.17811e-07
1.1383e-07
1.10125e-07
1.06404e-07
1.02941e-07
9.94629e-08
9.62262e-08
9.29745e-08
8.99489e-08
8.69094e-08
8.40812e-08
8.124e-08
7.85963e-08
7.59403e-08
7.34691e-08
7.09864e-08
6.86764e-08
6.63557e-08
6.41964e-08
6.20271e-08
6.00086e-08
5.79808e-08
5.6094e-08
5.41985e-08
5.24348e-08
5.06629e-08
4.90142e-08
4.73579e-08
4.58168e-08
4.42686e-08
4.2828e-08
4.13808e-08
4.00342e-08
3.86813e-08
3.74226e-08
3.6158e-08
3.49814e-08
3.37993e-08
3.26994e-08
3.15944e-08
3.05663e-08
2.95334e-08
2.85723e-08
2.76068e-08
2.67084e-08
2.58059e-08
2.49661e-08
2.41225e-08
2.33375e-08
2.25489e-08
2.18151e-08
2.10779e-08
2.0392e-08
1.97029e-08
1.90618e-08
1.84176e-08
1.78183e-08
1.72162e-08
1.66559e-08
1.60931e-08
1.55694e-08
1.50433e-08
1.45537e-08
1.40619e-08
1.36043e-08
1.31446e-08
1.27169e-08
1.22871e-08
1.18873e-08
1.14856e-08
1.11118e-08
1.07364e-08
1.0387e-08
1.0036e-08
9.70939e-09
9.38129e-09
9.07601e-09
8.76931e-09
8.48395e-09
8.19725e-09
7.9305e-09
7.66251e-09
7.41317e-09
7.16266e-09
6.92958e-09
6.69541e-09
6.47753e-09
6.25864e-09
6.05498e-09
5.85036e-09
5.65999e-09
5.46872e-09
5.29076e-09
5.11197e-09
4.94563e-09
4.7785e-09
4.623e-09
4.46678e-09
4.32143e-09
4.17539e-09
4.03952e-09
3.90301e-09
3.77601e-09
3.64841e-09
3.52968e-09
3.41041e-09
3.29943e-09
3.18793e-09
3.08419e-09
2.97997e-09
2.883e-09
2.78557e-09
2.69493e-09
2.60386e-09
2.51913e-09
2.434e-09
2.3548e-09
2.27522e-09
2.20118e-09
2.1268e-09
2.05759e-09
1.98806e-09
1.92337e-09
1.85837e-09
1.7979e-09
1.73714e-09
1.68061e-09
1.62382e-09
1.57098e-09
1.51789e-09
1.4685e-09
1.41887e-09
1.3727e-09
1.32632e-09
1.28316e-09
1.23979e-09
1.19945e-09
1.15892e-09
1.12121e-09
1.08332e-09
1.04806e-09
1.01265e-09
9.79695e-10
9.46588e-10
Zedel sym:1
1
1
1
1
1
1
1
1
1
1
1
1
1
0.142539
0.135528
0.129309
0.123771
0.11882
0.114378
0.110383
0.10678
0.103522
0.10057
0.097891
0.0954548
0.0932361
0.0912127
0.0893652
0.0876764
0.0861312
0.084716
0.0834189
0.0822292
0.0811373
0.0801346
0.0792134
0.0783666
0.0775879
0.0768717
0.0762126
0.0756059
0.0750474
0.0745332
0.0740595
0.0736231
0.0732211
0.0728507
0.0725093
0.0721946
0.0719046
0.0716372
0.0713908
0.0711635
0.070954
0.0707608
0.0705826
0.0704184
0.0702669
0.0701271
0.0699983
0.0698795
0.0697699
0.0696688
0.0695756
0.0694896
0.0694103
0.0693371
0.0692696
0.0692074
0.06915
0.069097
0.0690482
0.0690031
0.0689616
0.0689233
0.0688879
0.0688553
0.0688252
0.0687974
0.0687718
0.0687482
0.0687264
0.0687063
0.0686878
0.0686707
0.0686549
0.0686404
0.0686269
0.0686146
0.0686031
0.0685926
0.0685829
0.0685739
0.0685656
0.068558
0.068551
0.0685445
0.0685385
0.068533
0.0685279
0.0685232
0.0685188
0.0685148
0.0685111
0.0685077
0.0685046
0.0685017
0.068499
0.0684965
0.0684943
0.0684922
0.0684902
0.0684884
0.0684868
0.0684853
0.0684839
0.0684826
0.0684814
0.0684803
0.0684792
0.0684783
0.0684774
0.0684766
0.0684759
0.0684752
0.0684746
0.068474
0.0684735
0.068473
0.0684725
0.0684721
0.0684717
0.0684714
0.0684711
0.0684707
0.0684705
0.0684702
0.06847
0.0684697
0.0684695
0.0684694
0.0684692
0.068469
0.0684689
0.0684687
0.0684686
0.0684685
0.0684684
0.0684683
0.0684682
0.0684681
0.068468
0.068468
0.0684679
0.0684678
0.0684678
0.0684677
0.0684677
0.0684676
0.0684676
0.0684676
0.0684675
0.0684675
0.0684675
0.0684674
0.0684674
0.0684674
0.0684674
0.0684674
0.0684673
0.0684673
0.0684673
0.0684673
0.0684673
0.0684673
0.0684673
0.0684672
0.0684672
0.0684672
0.0684672
0.0684672
0.0684672
0.0684672
0.0684672
0.0684672
0.0684672
0.0684672
0.0684672
0.0684672
0.0684672
0.0684672
0.0684672
0.0684672
0.0684671
0.0684671
0.0684671
0.0684671
0.0684671
0.0684671
0.0684671
0.0684671
0.0684671
0.0684671
0.0684671
0.0684671
0.0684671
0.0684671
0.0684671
0.0684671
0.0684671
0.0684671
0.0684671
0.0684671
0.0684671
0.0684671
0.0684671
0.0684671
0.0684671
0.0684671
0.0684671
0.0684671
0.0684671
0.0684671
0.0684671
0.0684671
0.0684671
0.0684671
0.0684671
0.0684671
0.0684671
X gradient descent (MPI):0.020069 0.0133821 0.0159163 0.0148332 
X MPI opt:0.020069 0.0133821 0.0159163 0.0148332 
X Zedel sym:0.0196582 0.0126565 0.0152509 0.0140549